(-76.91516139611151,34.35747903490279) (-77.01,35.28): -76.76968566827536 0
(-77.01,35.28) (-77.61,35.42): -66.455742857143 0
(-77.61,35.42) (-78.93,34.89): -84.14615849056607 0
(-78.93,34.89) (-80.59,34.63): -92.3483076923078 0
(-80.59,34.63) (-83.01,34.03): -88.03850666666668 0
(-83.01,34.03) (-83.49,33.38): -83.91702769230768 0
(-83.49,33.38) (-83.33,32.79): -83.31585084745763 0
(-83.33,32.79) (-82.07,32.22): -83.29791578947368 0
(-82.07,32.22) (-80.71436298163485,31.683393680230463): -83.48397501194086 0
(-80.71436298163485,31.683393680230463) (-80.764,31.633): -79.85529093614721 0
(-80.764,31.633) (-81.09,30.74): -80.359675699888 0
(-81.09,30.74) (-81.07408940926025,30.643591271953166): -81.63708323176108 0
(-81.07408940926025,30.643591271953166) (-82.49,30.8): -100.2380688606696 0
(-82.49,30.8) (-83.67,31.05): -91.73580800000003 0
(-83.67,31.05) (-84.29,31.78): -85.1119397260274 0
(-84.29,31.78) (-84.21,33.77): -84.24497286432161 0
(-84.21,33.77) (-83.76,34.35): -84.9986620689655 0
(-83.76,34.35) (-82.42,35.41): -85.76513207547173 0
(-82.42,35.41) (-80.4,36.45): -87.56214615384611 0
(-80.4,36.45) (-78.83,37.4): -86.51110736842112 0
(-78.83,37.4) (-77.72,37.98): -87.75987586206898 0
(-77.72,37.98) (-76.21,37.88): 1.3868800000047514 0
(-76.21,37.88) (-75.20858139534884,37.58427906976744): -58.752036772570435 0
(-75.20858139534884,37.58427906976744) (-75.263,37.548): -81.09613076923112 0
(-75.263,37.548) (-75.356,37.334): -77.11397757009324 0
(-75.356,37.334) (-75.645,36.894): -78.24643999999998 0
(-75.645,36.894) (-75.371,36.199): -73.96208546762588 0
(-75.371,36.199) (-75.12,35.649): -73.74644109090913 0
(-75.12,35.649) (-75.166,35.243): -75.37478423645315 0
(-75.166,35.243) (-75.279,34.984): -76.147244015444 0
(-75.279,34.984) (-75.429,34.931): -81.11250943396203 0
(-75.429,34.931) (-75.726,34.857): -83.78845675675689 0
(-75.726,34.857) (-76.265,34.375): -78.01035809128632 0
(-76.265,34.375) (-76.54,34.248): -79.60233070866143 0
(-76.54,34.248) (-76.776,34.354): -73.4007320754719 0
(-76.776,34.354) (-76.91516139611151,34.35747903490279): -18.17689038514466 0
General Thunder False
(-105.58,37.76) (-106.61,37.13): -113.64998095238101 0
(-106.61,37.13) (-107.6,36.64): -115.31879999999992 0
(-107.6,36.64) (-107.81,36.22): -109.44019047619054 0
(-107.81,36.22) (-108.6,34.47): -109.34521828571427 0
(-108.6,34.47) (-109.09,34.02): -110.40736000000005 0
(-109.09,34.02) (-109.92,33.87): -115.89271999999977 0
(-109.92,33.87) (-111.8,34.09): -100.61760000000028 0
(-111.8,34.09) (-112.94,35.02): -110.20293333333332 0
(-112.94,35.02) (-114.03,36.07): -110.63147428571426 0
(-114.03,36.07) (-113.67,37.32): -115.0051424 0
(-113.67,37.32) (-110.8,38.29): -127.1626515463918 0
(-110.8,38.29) (-109.29,38.62): -136.1996606060606 0
(-109.29,38.62) (-106.84,39.1): -139.2425499999998 0
(-106.84,39.1) (-105.87,38.6): -94.44417600000001 0
(-105.87,38.6) (-105.58,37.76): -103.78985714285712 0
General Thunder False
(-82.24890256683541,24.190389555022648) (-80.2423411915988,28.16768085236666): -77.89603965403332 0
(-80.2423411915988,28.16768085236666) (-79.788,27.148): -82.34069055535993 0
(-79.788,27.148) (-79.7,26.777): -81.2745358490565 0
(-79.7,26.777) (-79.766,26.228): -79.08812094717666 0
(-79.766,26.228) (-79.812,25.576): -79.40447607361972 0
(-79.812,25.576) (-79.965,25.158): -77.34897894736831 0
(-79.965,25.158) (-80.143,24.859): -75.68487692307698 0
(-80.143,24.859) (-80.331,24.705): -70.99264415584425 0
(-80.331,24.705) (-80.635,24.487): -69.44679633027516 0
(-80.635,24.487) (-81.054,24.361): -53.729941269840985 0
(-81.054,24.361) (-81.782,24.208): -41.56587712418391 0
(-81.782,24.208) (-82.24890256683541,24.190389555022648): 140.50417372552425 0
General Thunder False
(-78.85406323185012,33.16631633061061) (-79.88,33.55): -77.81950503234258 0
(-79.88,33.55) (-80.95,33.75): -75.77568000000002 0
(-80.95,33.75) (-82.25,33.46): -85.28440000000002 0
(-82.25,33.46) (-82.55,32.79): -82.54623283582089 0
(-82.55,32.79) (-81.76,32.52): -82.50733333333332 0
(-81.76,32.52) (-80.282521334906,32.03662735030875): -82.54655577025483 0
(-80.282521334906,32.03662735030875) (-80.436,31.966): -78.78130673666338 0
(-80.436,31.966) (-80.71436298163485,31.683393680230463): -79.6672037816113 0
(-80.71436298163485,31.683393680230463) (-82.07,32.22): -83.45326709332228 0
(-82.07,32.22) (-83.33,32.79): -83.28842105263158 0
(-83.33,32.79) (-83.49,33.38): -83.32633898305085 0
(-83.49,33.38) (-83.01,34.03): -83.9456246153846 0
(-83.01,34.03) (-80.59,34.63): -88.09032000000002 0
(-80.59,34.63) (-78.93,34.89): -92.50095384615395 0
(-78.93,34.89) (-77.61,35.42): -84.23594716981135 0
(-77.61,35.42) (-77.01,35.28): -66.08797142857156 0
(-77.01,35.28) (-76.91516139611151,34.35747903490279): -76.72539096723871 0
(-76.91516139611151,34.35747903490279) (-76.936,34.358): -44.004395683259965 0
(-76.936,34.358) (-77.521,34.032): -79.72704294478525 0
(-77.521,34.032) (-77.684,33.615): -77.98198129496403 0
(-77.684,33.615) (-77.95,33.516): -79.85456969696968 0
(-77.95,33.516) (-78.163,33.577): -75.48604590163941 0
(-78.163,33.577) (-78.569,33.483): -81.53911063829788 0
(-78.569,33.483) (-78.808,33.309): -79.50000344827589 0
(-78.808,33.309) (-78.85406323185012,33.16631633061061): -78.9428166048096 0
Marginal Risk False
(-80.282521334906,32.03662735030875) (-81.76,32.52): -82.52598007880174 0
(-81.76,32.52) (-82.55,32.79): -82.49839999999999 0
(-82.55,32.79) (-82.25,33.46): -82.55666268656717 0
(-82.25,33.46) (-80.95,33.75): -85.34160000000001 0
(-80.95,33.75) (-79.88,33.55): -75.68824000000002 0
(-79.88,33.55) (-78.85406323185012,33.16631633061061): -77.78913844591828 0
(-78.85406323185012,33.16631633061061) (-78.931,32.928): -78.96380513819554 0
(-78.931,32.928) (-79.294,32.69): -79.15703865546219 1
(-79.294,32.69) (-79.725,32.427): -79.15697490494297 1
(-79.725,32.427) (-80.061,32.203): -79.21766249999997 1
(-80.061,32.203) (-80.21,32.07): -79.46256842105271 1
(-80.21,32.07) (-80.282521334906,32.03662735030875): -78.88810754261932 1
Slight Risk True
